Tiempo: 0.422942
Tiempo: 5.402094
Tiempo: 42.563382
Tiempo: 358.588594
